-17.596
-16.4
-19.576
-17.604
-18.694
-21.171
-18.254
-18.31
-18.312
-16.41
-20.472
-19.496
-18.548
-16.571
-17.668
-16.704
-18.77
-16.771
-15.864
-17.9
-18.954
-17.968
-21.056
-17.06
-21.144
-17.168
-20.2
-21.209
-19.295
-21.32
-20.366
-20.368
-20.398
-17.428
-17.431
-19.492
-20.56
-19.604
-17.632
-20.689
-17.74
-17.74
-19.8
-20.8
-18.833
-17.848
-19.864
-19.872
-19.926
-17.964
-20.008
-20.025
-20.034
-18.04
-21.061
-21.096
-22.096
-20.12
-20.163
-18.216
-20.236
-21.244
-22.299
-21.304
-21.311
-20.322
-21.348
-20.424
-21.498
-18.52
-18.652
-21.712
-18.736
-20.736
-20.8
-20.802
-20.925
-20.936
-19.94
-20.94
-18.96
