2.346
-0.664
-1.559
-1.592
-22.299
-20.936
1.172
17.612
-1.34
2.258
-20.366
-0.34
-0.406
0.568
-15.864
3.144
3.082
-3.432
-0.5
2.18
1.895
-0.475
5.195
-2.188
#N/A
4.538
0.6
3.384
#N/A
3.816
1.856
-1.775
-0.352
8.673
2.44
2.038
0.299
0.535
4.2
3.55
-1.551
0.432
2.93
-21.712
0.422
1.764
#N/A
0.311
1.793
3.823
-0.36
2.688
-2.196
-19.496
0.04
-1.375
-0.184
2.5
-4.375
-20.025
4.36
1.65
3.82
0.582
4.975
2.353
0.787
4.085
-18.548
-0.683
-20.322
1.425
-0.4
-18.216
-20.689
-0.815
4.388
0.04
-3.366
-0.45
0.552
3.495
2.976
2.207
-0.264
-0.332
-0.802
3.06
0.386
4.649
0.731
-0.804
0.681
-0.821
1.648
3.649
-19.864
5.584
2.047
-21.096
#N/A
4.899
0.627
0.71
4.19
1.6
-1.03
1.28
2.392
-1.729
1.976
0.51
#N/A
0.3
2.351
0.606
0.04
-21.144
2.468
-21.348
-20.163
0.824
-1.334
4.288
0.07
1.212
1.304
-20.236
3.15
2.651
1.392
2.91
2.42
-0.329
0.864
0.368
-0.356
1.808
1.392
-18.652
-0.215
-2.053
0.64
#N/A
0.949
1.4
0.8
0.814
2.646
-19.94
2.048
1.961
0.341
-0.016
1.57
-2.04
0.432
-0.35
5.941
1.384
-17.74
3.86
-0.884
0.08
-3
2.196
-0.387
-1.6
#N/A
-18.736
-0.352
-0.894
3.796
2.896
1.432
-0.724
1.28
-17.06
-0.11
-20.398
-2.295
-0.133
0.04
5.914
0.12
1.925
-0.002
-0.08
1.864
-18.312
1.18
3.38
2.35
3.344
-0.261
-20.368
0.48
0.856
0.72
2.634
-1.824
#N/A
-0.906
2.88
0.348
1.27
1.868
-18.52
4.128
-0.008
4.868
-18.96
-0.5
-1.61
3.368
#N/A
-21.061
-0.64
-0.724
-20.472
-0.037
-0.66
-0.216
-19.8
-1.808
1.04
3.904
0.612
1.612
1.216
-1.083
#N/A
1.543
0.056
-18.954
4.34
-17.604
1.536
-19.492
2.835
4.423
4.876
-0.869
1.75
-0.742
-20.94
#N/A
2.985
-1.36
-2.397
-1.904
-5.334
-17.848
-19.295
-21.244
-2.022
2.7
-2.292
-0.908
#N/A
-17.964
2.624
-21.056
2.672
6.58
-19.576
-0.496
-3.56
-18.31
-1.498
-1.08
-1.445
-20.802
0.248
0.918
-1.896
-20.424
-0.336
-17.632
3.215
#N/A
2.028
-17.168
3.505
2.184
0.477
0.506
-18.833
-1.288
-22.096
0.828
2.44
-1.098
1.879
-1.222
1.502
-1.637
20.453
0.036
-18.254
5.876
1.036
-2.024
2.784
-0.534
-17.74
-0.189
1.552
4.31
-16.571
0.384
#N/A
3.825
0.572
#N/A
1.6
1.868
-1.44
-18.694
0.072
-20.925
-0.188
-0.579
2.274
-21.209
#N/A
1.92
2.59
#N/A
0.01
-1.054
0.11
-1.058
4.494
-20.12
0.19
-16.4
-3.98
-2.774
-21.311
2.046
2.756
-1.68
4.47
0.215
-20.2
22.59
-17.428
0.49
3.864
-16.704
4
1.963
-16.41
#N/A
-17.596
1.625
1.555
-20.8
-3.88
3.66
-16.771
-1.1
1.172
-0.676
-19.926
-1.434
-0.028
-2.345
0.104
-18.77
-2.036
-20.736
-20.8
-1.292
#N/A
2.815
-21.32
-20.034
-21.304
-20.56
0.197
-0.048
#N/A
-0.604
1.576
0.824
-1.408
-1.264
0.809
3.292
0.896
-1.032
1.606
-21.171
-20.008
2.361
-0.204
-18.04
1.15
1.57
3.131
1.76
-0.321
#N/A
-17.968
-1.368
-1.18
-0.2
4.043
-0.06
1.976
1.188
2.04
1.836
-17.9
1.326
3.27
1.796
5.652
0.004
2.687
-1.338
1.235
1.705
-1.588
3.59
-0.504
3.285
8.608
1.4
-17.668
1.849
2.7
4.976
2.128
-19.604
-17.431
1.132
-1.026
-3.346
1.264
3.27
0.999
-21.498
-0.602
-1.142
-2.6
2.568
#N/A
1.066
0.738
3.32
-19.872
-0.283
