-23.908
-23.871
-23.866
-23.7
-23.53
-23.216
-23.163
-22.7
-22.56
-22.299
-22.096
-22.066
-21.945
-21.784
-21.712
-21.562
-21.512
-21.498
-21.443
-21.348
-21.32
-21.311
-21.304
-21.244
-21.209
-21.171
-21.144
-21.096
-21.08
-21.061
-21.056
-21
-20.94
-20.936
-20.925
-20.802
-20.8
-20.8
-20.736
-20.689
-20.56
-20.472
-20.424
-20.398
-20.368
-20.366
-20.325
-20.322
-20.236
-20.2
-20.163
-20.12
-20.113
-20.034
-20.025
-20.008
-19.94
-19.926
-19.872
-19.864
-19.8
-19.793
-19.604
-19.576
-19.496
-19.492
-19.355
-19.295
-19.084
-18.998
-18.96
-18.954
-18.941
-18.897
-18.833
-18.77
-18.736
-18.694
-18.662
-18.652
-18.586
-18.585
-18.548
-18.524
-18.52
-18.477
-18.312
-18.31
-18.254
-18.216
-18.216
-18.15
-18.04
-18
-17.968
-17.964
-17.938
-17.934
-17.9
-17.848
-17.74
-17.74
-17.668
-17.632
-17.604
-17.596
-17.431
-17.428
-17.2
-17.168
-17.08
-17.06
-17.01
-16.969
-16.872
-16.872
-16.79
-16.771
-16.704
-16.6
-16.59
-16.571
-16.41
-16.4
-16.226
-16.226
-15.864
-15.52
-15.427
-13.652
-13.5
-12.5
-12.492
-12.332
-11.969
-11.938
-11.936
-11.828
-11.741
-11.695
-11.607
-11.504
-11.344
-11.312
-11.134
-10.975
-10.73
-10.544
-10.503
-10.368
-10.088
-9.676
-9.674
-9.554
-9.542
-9.264
-9.197
-9.176
-9.05
-8.96
-8.845
-8.804
-8.639
-8.244
-8.212
-7.912
-7.83
-7.455
-7.405
-7.008
-6.752
-5.95
-5.93
-5.44
-5.334
-5.322
-5.28
-5.15
-5.131
-4.868
-4.591
-4.393
-4.392
-4.382
-4.375
-4.267
-4.252
-4.173
-4.158
-4.08
-4.04
-3.98
-3.904
-3.88
-3.768
-3.75
-3.727
-3.716
-3.689
-3.56
-3.55
-3.524
-3.432
-3.4
-3.377
-3.375
-3.366
-3.35
-3.346
-3.176
-3.084
-3.081
-3.066
-3.064
-3
-3
-2.955
-2.896
-2.841
-2.8
-2.798
-2.774
-2.774
-2.764
-2.76
-2.748
-2.718
-2.7
-2.656
-2.643
-2.632
-2.6
-2.588
-2.559
-2.545
-2.53
-2.48
-2.459
-2.415
-2.405
-2.4
-2.397
-2.37
-2.345
-2.342
-2.33
-2.295
-2.292
-2.28
-2.255
-2.251
-2.238
-2.23
-2.208
-2.196
-2.188
-2.164
-2.15
-2.14
-2.135
-2.106
-2.071
-2.053
-2.04
-2.04
-2.036
-2.024
-2.022
-2
-1.974
-1.904
-1.901
-1.896
-1.894
-1.89
-1.84
-1.824
-1.824
-1.816
-1.808
-1.792
-1.775
-1.768
-1.75
-1.748
-1.746
-1.729
-1.729
-1.708
-1.68
-1.68
-1.637
-1.62
-1.61
-1.6
-1.592
-1.588
-1.559
-1.551
-1.547
-1.524
-1.512
-1.51
-1.507
-1.498
-1.48
-1.448
-1.445
-1.44
-1.434
-1.408
-1.405
-1.39
-1.388
-1.375
-1.368
-1.36
-1.35
-1.34
-1.338
-1.334
-1.322
-1.308
-1.308
-1.293
-1.292
-1.288
-1.288
-1.275
-1.264
-1.245
-1.222
-1.22
-1.18
-1.164
-1.163
-1.151
-1.144
-1.142
-1.115
-1.114
-1.106
-1.1
-1.098
-1.098
-1.083
-1.08
-1.076
-1.06
-1.058
-1.058
-1.054
-1.032
-1.03
-1.026
-1.014
-1.001
-0.982
-0.96
-0.95
-0.944
-0.908
-0.906
-0.9
-0.894
-0.887
-0.884
-0.875
-0.869
-0.858
-0.853
-0.852
-0.821
-0.816
-0.815
-0.813
-0.804
-0.802
-0.765
-0.744
-0.742
-0.724
-0.724
-0.683
-0.676
-0.664
-0.66
-0.644
-0.64
-0.604
-0.602
-0.6
-0.579
-0.573
-0.568
-0.568
-0.534
-0.524
-0.504
-0.5
-0.5
-0.496
-0.484
-0.478
-0.475
-0.455
-0.45
-0.44
-0.406
-0.4
-0.388
-0.387
-0.36
-0.356
-0.352
-0.352
-0.35
-0.35
-0.342
-0.34
-0.336
-0.334
-0.332
-0.329
-0.321
-0.32
-0.283
-0.28
-0.27
-0.264
-0.261
-0.248
-0.228
-0.216
-0.215
-0.21
-0.208
-0.204
-0.2
-0.2
-0.193
-0.189
-0.188
-0.184
-0.155
-0.133
-0.126
-0.11
-0.104
-0.1
-0.08
-0.068
-0.06
-0.056
-0.048
-0.04
-0.037
-0.032
-0.028
-0.026
-0.026
-0.016
-0.008
-0.002
0.004
0.004
0.01
0.028
0.03
0.036
0.04
0.04
0.04
0.04
0.056
0.064
0.07
0.072
0.072
0.08
0.092
0.104
0.108
0.11
0.114
0.116
0.118
0.119
0.12
0.128
0.134
0.134
0.146
0.19
0.193
0.197
0.2
0.215
0.24
0.248
0.299
0.3
0.311
0.341
0.341
0.346
0.348
0.357
0.358
0.368
0.38
0.384
0.386
0.392
0.397
0.422
0.432
0.432
0.456
0.477
0.48
0.49
0.5
0.506
0.51
0.515
0.515
0.518
0.527
0.535
0.538
0.552
0.552
0.568
0.572
0.582
0.6
0.604
0.606
0.608
0.612
0.627
0.64
0.644
0.681
0.682
0.71
0.712
0.72
0.722
0.731
0.738
0.744
0.78
0.787
0.788
0.788
0.8
0.803
0.809
0.814
0.816
0.816
0.817
0.824
0.824
0.825
0.828
0.85
0.856
0.862
0.864
0.876
0.892
0.896
0.897
0.911
0.918
0.942
0.949
0.96
0.966
0.999
1.028
1.036
1.04
1.04
1.066
1.08
1.099
1.108
1.111
1.132
1.15
1.157
1.169
1.172
1.172
1.18
1.18
1.188
1.208
1.212
1.216
1.233
1.235
1.24
1.242
1.249
1.264
1.27
1.274
1.28
1.28
1.28
1.292
1.304
1.31
1.322
1.326
1.36
1.363
1.364
1.384
1.384
1.392
1.392
1.392
1.4
1.4
1.4
1.408
1.419
1.422
1.425
1.429
1.432
1.448
1.474
1.48
1.488
1.496
1.502
1.508
1.536
1.543
1.552
1.555
1.57
1.57
1.574
1.576
1.587
1.6
1.6
1.606
1.607
1.612
1.613
1.625
1.635
1.648
1.65
1.66
1.703
1.705
1.735
1.736
1.75
1.76
1.76
1.764
1.768
1.793
1.796
1.808
1.809
1.812
1.814
1.825
1.825
1.827
1.836
1.849
1.856
1.864
1.867
1.868
1.868
1.872
1.879
1.88
1.895
1.9
1.92
1.925
1.955
1.961
1.963
1.976
1.976
2.019
2.028
2.038
2.04
2.046
2.047
2.047
2.048
2.104
2.104
2.105
2.125
2.128
2.147
2.154
2.16
2.18
2.18
2.184
2.196
2.207
2.22
2.258
2.26
2.266
2.274
2.28
2.335
2.346
2.35
2.351
2.353
2.361
2.392
2.42
2.426
2.44
2.44
2.453
2.468
2.473
2.5
2.532
2.568
2.584
2.59
2.624
2.631
2.634
2.646
2.651
2.656
2.672
2.68
2.687
2.688
2.688
2.697
2.698
2.7
2.7
2.71
2.756
2.784
2.792
2.815
2.819
2.835
2.88
2.896
2.91
2.93
2.976
2.985
3.06
3.082
3.13
3.131
3.144
3.15
3.215
3.27
3.27
3.285
3.286
3.292
3.32
3.344
3.35
3.368
3.38
3.384
3.449
3.495
3.505
3.527
3.55
3.59
3.606
3.62
3.649
3.66
3.693
3.733
3.776
3.792
3.796
3.816
3.82
3.823
3.825
3.86
3.864
3.879
3.88
3.904
3.92
3.987
4
4.043
4.085
4.094
4.128
4.136
4.19
4.2
4.24
4.28
4.288
4.31
4.34
4.36
4.388
4.423
4.47
4.494
4.506
4.513
4.52
4.538
4.6
4.649
4.732
4.744
4.759
4.76
4.772
4.868
4.876
4.899
4.952
4.975
4.976
5.195
5.207
5.548
5.584
5.652
5.662
5.685
5.7
5.876
5.914
5.941
6.052
6.06
6.25
6.332
6.356
6.44
6.453
6.52
6.58
6.936
7.06
7.127
7.375
7.578
7.694
7.836
7.864
8.04
8.264
8.445
8.608
8.673
9.189
9.666
9.81
9.838
9.861
9.888
9.952
10.074
10.119
10.195
10.204
10.212
10.24
10.292
10.497
10.525
10.69
10.867
10.914
10.92
10.966
11.128
11.161
11.179
11.4
11.431
11.448
11.505
11.572
11.602
11.708
11.812
11.914
11.982
12.11
12.257
12.33
12.36
12.404
12.448
12.46
12.474
12.56
12.736
12.96
13.144
13.15
13.374
13.395
13.531
13.67
13.752
13.805
13.825
13.905
13.905
13.947
14.04
14.05
14.06
14.108
14.137
14.674
14.68
14.716
14.911
15.1
15.101
15.18
15.32
15.871
16.113
16.92
17.104
17.232
17.411
17.548
17.612
18.032
18.083
18.356
18.728
19.077
19.344
19.4
19.583
19.844
20.272
20.453
20.818
21.671
22.436
22.59
