-16.23
-16.23
-15.43
-18.59
-16.97
-20.33
-16.59
-16.6
-21.78
-16.79
-16.87
-17.93
-17.01
-21.08
-17.08
-17.2
-18.66
-16.87
-18.15
-19.36
-21.44
-18.48
-18.52
-18.59
-18.94
-17.6
-16.4
-17.6
-21.17
-18.31
-16.41
-20.47
-19.5
-16.57
-17.67
-16.7
-18.77
-16.77
-15.86
-17.9
-18.95
-17.06
-21.14
-17.17
-21.21
-19.3
-21.32
-20.37
-20.37
-20.4
-17.43
-17.43
-19.49
-20.56
-19.6
-17.63
-20.69
-17.74
-17.74
-19.8
-20.8
-18.83
-17.85
-19.86
-19.87
-19.93
-17.96
-20.01
-20.03
-20.03
-18.04
-21.06
-21.1
-22.1
-20.12
-20.16
-18.22
-20.24
-21.31
-20.32
-20.42
-18.52
-18.65
-18.74
-20.74
-20.8
-20.8
-20.93
-20.94
-20.94
-18.96
-19
