#N/A
0.966
#N/A
1.18
-2.071
16.92
1.809
0.911
2.335
-0.104
0.108
1.812
-1.708
1.508
2.28
0.064
6.453
9.666
-16.969
-1.39
0.515
#N/A
13.67
0.456
7.694
#N/A
-2.896
#N/A
0.2
11.161
-2.106
-22.066
-17.934
1.867
9.189
1.408
11.914
14.108
-23.138
18.356
0.722
-23.124
-0.568
1.108
1.392
0.515
-0.9
11.708
#N/A
7.836
-0.6
4.094
3.733
0.942
3.606
-0.875
3.62
#N/A
2.047
1.24
-4.173
-2.48
-19.793
-20.113
-21.945
2.71
-2.415
-1.22
#N/A
#N/A
-3.768
0.897
-22.175
3.35
-1.48
1.736
-21
-8.804
-19.48
-5.131
#N/A
-4.252
5.662
-0.524
-17.01
0.682
-5.322
-11.312
2.147
-2.251
-2.342
-2.53
-25.75
#N/A
2.019
2.698
-21.512
-2.76
-23.216
1.587
1.735
0.092
-21.443
-17.938
#N/A
3.879
#N/A
#N/A
10.525
-1.512
3.286
2.473
-0.04
-2.37
-23.871
13.805
#N/A
#N/A
-0.455
20.818
2.426
-20.473
3.88
9.838
1.768
#N/A
-0.2
-23.53
-5.15
13.825
-23.163
8.264
-23.908
3.92
-25.308
1.322
-3.081
-1.748
-7.912
11.572
-3.689
-13.5
6.936
-8.244
0.712
1.233
-3.716
-2
-1.547
14.716
-23.608
-4.158
9.861
2.16
#N/A
-18.15
10.69
3.693
-16.872
1.448
-9.674
0.072
1.169
#N/A
-1.308
-1.293
-0.765
-2.33
#N/A
2.26
-3.066
2.154
-2.774
-1.388
1.157
-21.784
-0.484
-2.255
#N/A
#N/A
10.074
11.4
#N/A
-4.04
14.674
0.788
10.292
1.613
-2.643
-0.026
#N/A
-16.6
1.827
1.429
1.4
-2.632
-1.275
-2.208
-16.872
-0.126
1.249
11.505
-15.427
-18.452
-0.248
1.208
2.105
2.688
11.982
-1.144
-3.4
2.68
1.099
#N/A
-4.08
18.728
1.28
-0.032
-3.524
0.341
7.06
-18.477
-18.897
0.552
3.449
#N/A
-2.164
-18.216
1.88
10.867
#N/A
1.814
1.419
-2.14
15.32
-21.562
#N/A
1.66
#N/A
1.274
1.363
1.292
-9.176
2.104
7.578
-4.392
#N/A
#N/A
-1.68
0.744
#N/A
-1.06
-10.503
#N/A
-16.226
0.004
-18.585
0.38
4.952
#N/A
-1.014
0.816
0.134
-22.56
-18
7.864
0.24
17.232
-21.547
0.817
-22.616
19.583
11.431
#N/A
1.028
#N/A
0.028
-0.026
-0.342
-1.098
-2.04
1.04
14.06
6.06
1.825
#N/A
#N/A
17.411
-23.642
-3.375
-23.473
-19.24
4.6
0.78
-1.816
-1.894
-2.4
0.119
-0.982
-14.048
#N/A
-21.344
3.776
-2.28
1.111
-0.95
-1.322
-12.492
-5.28
-1.448
-2.329
-4.393
2.22
1.364
-0.644
-10.73
0.346
-3.084
#N/A
-1.405
-1.001
-1.768
-18.524
4.759
2.18
1.488
1.574
-4.382
-22.578
#N/A
4.506
19.077
1.955
-2.718
-1.792
#N/A
-25.288
-0.813
1.9
-2.8
-9.554
-0.744
3.987
#N/A
-3.55
12.448
-0.334
-1.151
4.513
-1.35
-3.35
-4.868
#N/A
10.212
-1.62
0.134
15.871
1.31
-3.176
-23.866
-0.96
#N/A
2.631
9.81
0.85
#N/A
13.374
2.266
2.792
-11.607
-2.135
-2.588
-3.727
-3.904
-23.175
-20.325
-16.59
-0.056
0.357
#N/A
10.195
-2.15
2.532
-0.35
-2.405
4.136
1.607
-2.748
-3.377
5.685
6.332
-1.115
1.36
-5.44
-2.7
0.518
-1.824
11.448
-0.155
-0.944
-17.08
0.116
1.242
-2.238
-4.267
#N/A
-0.568
#N/A
-7.83
-19.256
-8.845
2.104
-0.27
-18.941
-16.226
#N/A
13.531
-9.05
-5.95
#N/A
-6.452
-0.32
-0.44
#N/A
17.104
-17.2
-18.586
#N/A
#N/A
0.03
0.604
0.193
0.538
-1.524
13.395
1.872
#N/A
-18.662
-1.245
18.083
-2.955
-3.75
3.792
-21.08
-3.064
9.888
5.7
#N/A
0.788
-10.368
#N/A
-13.652
-0.208
2.125
#N/A
-1.163
0.608
1.496
6.25
#N/A
1.635
-3
-19.084
-1.114
-0.28
-1.076
0.644
4.732
10.92
-16.79
-2.798
#N/A
-5.93
11.812
10.497
-1.51
-0.573
-24.388
-19.355
-2.656
1.76
0.892
-1.89
-1.507
#N/A
-0.858
0.397
-1.746
0.816
0.128
2.819
14.68
0.5
-0.478
-0.1
-2.545
-7.008
-0.816
#N/A
1.703
13.144
-7.455
6.44
-1.84
-2.559
-1.106
15.101
