Probe	Loci/Model	Genome	Condition	Phase	Correlation	Expression Data
257451_at	AT1G05690	A. thaliana	longday	2	0.958167	23.2285,19.8792,11.9276,10.3448,11.5637,9.29465,24.4697,20.5953,10.9088,8.86752,12.9637,12.3665
257451_at	ct02-spike	A. thaliana	longday	2	0.958167	22.0432,22.0432,11.0297,11.0297,11.0297,11.0297,22.0432,22.0432,11.0297,11.0297,11.0297,11.0297
262626_at	AT1G06430	A. thaliana	longday	5	0.936818	532.757,1598.78,845.445,543.851,756.694,454.834,614.833,1420.5,976.654,724.68,819.996,388.893
262626_at	ct05-spike	A. thaliana	longday	5	0.936818	605.221,1510.95,907.129,605.221,605.221,605.221,605.221,1510.95,907.129,605.221,605.221,605.221
261089_at	AT1G07570	A. thaliana	longday	0	0.857263	102.456,27.7526,18.3727,13.7775,12.9013,24.1834,47.0437,24.7294,18.5572,11.0294,14.8204,25.4026
261089_at	ct00-spike	A. thaliana	longday	0	0.857263	74.7499,19.1526,19.1526,19.1526,19.1526,19.1526,74.7499,19.1526,19.1526,19.1526,19.1526,19.1526
264436_at	AT1G10370	A. thaliana	longday	4	0.979889	270.431,1932.63,422.904,218.632,464.259,139.012,290.806,1908.36,488.624,264.827,469.48,102.827
264436_at	ct04-spike	A. thaliana	longday	4	0.979889	313.18,1920.49,313.18,313.18,313.18,313.18,313.18,1920.49,313.18,313.18,313.18,313.18
256096_at	AT1G13650	A. thaliana	longday	5	0.969905	60.5696,328.046,138.329,10.7197,33.3237,12.9788,64.1606,311.408,202.377,7.73106,29.0204,11.0841
256096_at	ct05-spike	A. thaliana	longday	5	0.969905	34.7865,331.903,133.825,34.7865,34.7865,34.7865,34.7865,331.903,133.825,34.7865,34.7865,34.7865
256076_at	AT1G18060	A. thaliana	longday	5	0.901698	667.811,1233.23,1005.68,800.565,923.927,574.158,718.677,1333.45,1007.9,741.326,847.073,606.688
256076_at	ct05-spike	A. thaliana	longday	5	0.901698	747.163,1307.61,933.98,747.163,747.163,747.163,747.163,1307.61,933.98,747.163,747.163,747.163
259791_at	AT1G29700	A. thaliana	longday	5	0.922457	171.975,485.586,307.561,202.863,250.805,115.049,190.354,505.678,391.058,193.531,278.068,154.886
259791_at	ct05-spike	A. thaliana	longday	5	0.922457	202.096,510.442,304.878,202.096,202.096,202.096,202.096,510.442,304.878,202.096,202.096,202.096
261618_at	AT1G33110	A. thaliana	longday	1	0.850879	216.3,204.89,82.2803,56.1283,158.743,114.065,372.941,236.073,83.9996,77.8216,126.762,108.875
261618_at	ct01-spike	A. thaliana	longday	1	0.850879	309.589,175.575,108.569,108.569,108.569,108.569,309.589,175.575,108.569,108.569,108.569,108.569
261635_at	AT1G50020	A. thaliana	longday	5	0.801958	493.927,979.28,708.168,595.087,851.103,482.658,533.45,1042.17,739.626,539.238,774.199,408.915
261635_at	ct05-spike	A. thaliana	longday	5	0.801958	584.428,1009.93,726.263,584.428,584.428,584.428,584.428,1009.93,726.263,584.428,584.428,584.428
264636_at	AT1G65490	A. thaliana	longday	1	0.939734	849.204,510.545,76.6247,44.3203,299.044,213.584,802.979,529.075,82.6039,24.7179,233.094,136.282
264636_at	ct01-spike	A. thaliana	longday	1	0.939734	867.525,395.509,159.501,159.501,159.501,159.501,867.525,395.509,159.501,159.501,159.501,159.501
263811_at	AT2G04350	A. thaliana	longday	5	0.81126	230.515,416.074,214.078,163.612,204.967,58.8258,130.167,388.241,201.834,183.228,271.489,40.4354
263811_at	ct05-spike	A. thaliana	longday	5	0.81126	155.9,393.148,234.983,155.9,155.9,155.9,155.9,393.148,234.983,155.9,155.9,155.9
263433_at	AT2G22240	A. thaliana	longday	5	0.957003	186.736,1005.46,337.508,274.575,358.981,160.972,256.004,1023.1,450.049,298.401,383.632,156.128
263433_at	ct05-spike	A. thaliana	longday	5	0.957003	243.438,982.296,489.724,243.438,243.438,243.438,243.438,982.296,489.724,243.438,243.438,243.438
265617_at	AT2G25520	A. thaliana	longday	1	0.921113	1321.7,1118.86,929.059,978.461,942.103,1081.75,1287.1,1045.43,887.298,1013.06,874.218,935.528
265617_at	ct01-spike	A. thaliana	longday	1	0.921113	1307.27,1073.51,956.623,956.623,956.623,956.623,1307.27,1073.51,956.623,956.623,956.623,956.623
263477_at	AT2G31790	A. thaliana	longday	4	0.867848	607.508,1123.42,723.954,785.342,664.684,506.219,687.838,1199.05,775.309,787.147,853.142,541.424
263477_at	ct04-spike	A. thaliana	longday	4	0.867848	693.257,1161.24,693.257,693.257,693.257,693.257,693.257,1161.24,693.257,693.257,693.257,693.257
263841_at	AT2G36870	A. thaliana	longday	5	0.890895	295.94,1565.89,762.27,582.155,806.324,266.367,279.06,1336.33,671.424,450.169,736.891,197.54
263841_at	ct05-spike	A. thaliana	longday	5	0.890895	442.525,1432.55,772.533,442.525,442.525,442.525,442.525,1432.55,772.533,442.525,442.525,442.525
265959_at	AT2G37240	A. thaliana	longday	5	0.827305	233.216,558.501,322.137,188.06,334.545,119.814,265.978,478.803,351.427,195.374,351.662,82.2724
265959_at	ct05-spike	A. thaliana	longday	5	0.827305	223.591,523.103,323.428,223.591,223.591,223.591,223.591,523.103,323.428,223.591,223.591,223.591
266391_at	AT2G41290	A. thaliana	longday	4	0.972925	31.4147,111.158,34.4148,17.2685,27.712,19.8185,23.4644,122.392,40.822,16.6011,33.8939,15.2022
266391_at	ct04-spike	A. thaliana	longday	4	0.972925	26.0612,116.775,26.0612,26.0612,26.0612,26.0612,26.0612,116.775,26.0612,26.0612,26.0612,26.0612
256245_at	AT3G12580	A. thaliana	longday	4	0.847021	215.984,906.462,215.756,285.292,514.028,143.836,260.8,772.849,243.196,324.795,542.789,78.6648
256245_at	ct04-spike	A. thaliana	longday	4	0.847021	282.514,839.656,282.514,282.514,282.514,282.514,282.514,839.656,282.514,282.514,282.514,282.514
256548_at	AT3G14770	A. thaliana	longday	0	0.903757	147.584,122.556,18.8965,14.3739,39.3514,74.1142,207.745,134.305,13.9232,15.2977,71.4229,91.2928
256548_at	cos_per_24_ph_0	A. thaliana	longday	0	0.903757	156.738,117.988,40.489,1.73949,40.489,117.988,156.738,117.988,40.489,1.73949,40.489,117.988
257253_at	AT3G24190	A. thaliana	longday	4	0.816904	478.138,1107.47,520.47,431.693,826.528,318.647,444.7,1059.37,551.988,397.18,771.12,290.684
257253_at	ct04-spike	A. thaliana	longday	4	0.816904	503.115,1083.42,503.115,503.115,503.115,503.115,503.115,1083.42,503.115,503.115,503.115,503.115
257710_at	AT3G27350	A. thaliana	longday	0	0.928081	202.722,225.643,87.7139,62.8275,134.231,171.254,278.737,191.621,72.6516,64.7146,115.412,167.007
257710_at	cos_per_24_ph_0	A. thaliana	longday	0	0.928081	235.657,191.768,103.988,60.0985,103.988,191.768,235.657,191.768,103.988,60.0985,103.988,191.768
251563_at	AT3G57880	A. thaliana	longday	0	0.894936	81.1983,70.2,36.1392,40.9981,46.4281,59.3794,90.9453,74.6742,36.1758,47.0287,42.1181,57.5295
251563_at	ct00-sine	A. thaliana	longday	0	0.894936	76.9392,70.2599,43.5426,36.8633,43.5426,70.2599,76.9392,70.2599,43.5426,36.8633,43.5426,70.2599
251454_at	AT3G60080	A. thaliana	longday	0	0.910417	146.243,134.774,56.6431,53.9201,91.6683,99.5005,179.59,126.641,57.5987,48.6361,98.0002,103.802
251454_at	ct00-rigid	A. thaliana	longday	0	0.910417	156.386,118.63,80.8733,43.1171,80.8733,118.63,156.386,118.63,80.8733,43.1171,80.8733,118.63
251322_at	AT3G61440	A. thaliana	longday	0	0.899244	4490.5,4727.67,3590.16,3628.07,3607.04,4742.1,4171.47,4202.28,3911.87,3590.2,3519.34,4936.56
251322_at	ct00-box1	A. thaliana	longday	0	0.899244	4545.1,4545.1,3641.11,3641.11,3641.11,4545.1,4545.1,4545.1,3641.11,3641.11,3641.11,4545.1
255284_at	AT4G04610	A. thaliana	longday	5	0.889282	425.993,889.351,602.498,528.979,527.697,339.384,382.323,834.795,581.355,495.348,542.009,256.156
255284_at	ct05-spike	A. thaliana	longday	5	0.889282	439.019,865.64,581.226,439.019,439.019,439.019,439.019,865.64,581.226,439.019,439.019,439.019
255065_s_at	AT4G08870	A. thaliana	longday	6	0.901999	411.826,1387.49,925.477,519.969,773.564,280.301,383.99,1442.07,1195.36,413.135,609.076,250.583
255065_s_at	ct06-spike	A. thaliana	longday	6	0.901999	455.306,1237.6,1237.6,455.306,455.306,455.306,455.306,1237.6,1237.6,455.306,455.306,455.306
254691_at	AT4G17840	A. thaliana	longday	5	0.875966	245.108,760.754,345.418,274.073,416.228,183.676,307.083,717.1,408.019,228.499,478.533,146.517
254691_at	ct05-spike	A. thaliana	longday	5	0.875966	276.842,722.682,425.455,276.842,276.842,276.842,276.842,722.682,425.455,276.842,276.842,276.842
253951_at	AT4G26860	A. thaliana	longday	0	0.930664	466.789,470.497,223.233,158.097,324.674,434.537,525.109,476.226,257.496,145.937,377.278,411.954
253951_at	cos_per_24_ph_0	A. thaliana	longday	0	0.930664	521.507,438.746,273.225,190.464,273.225,438.746,521.507,438.746,273.225,190.464,273.225,438.746
253200_at	AT4G34720	A. thaliana	longday	5	0.850633	1874.24,2111.6,1949.23,1915.94,1757.66,1809.55,1686.98,2037.91,1835.92,1797.19,1790.74,1717.12
253200_at	ct05-spike	A. thaliana	longday	5	0.850633	1794.39,2076.17,1888.32,1794.39,1794.39,1794.39,1794.39,2076.17,1888.32,1794.39,1794.39,1794.39
253039_at	AT4G37760	A. thaliana	longday	5	0.88522	278.82,1105.37,549.924,175.825,556.753,158.868,360.497,928.247,606.545,206.462,572.428,150.748
253039_at	ct05-spike	A. thaliana	longday	5	0.88522	312.223,1026.15,550.199,312.223,312.223,312.223,312.223,1026.15,550.199,312.223,312.223,312.223
250690_at	AT5G06530	A. thaliana	longday	0	0.931639	184.393,141.438,19.7107,25.3587,83.8787,109.603,239.108,152.718,38.1351,20.9327,62.6116,117.812
250690_at	cos_per_24_ph_0	A. thaliana	longday	0	0.931639	188.946,144.294,54.9893,10.3371,54.9893,144.294,188.946,144.294,54.9893,10.3371,54.9893,144.294
250304_at	AT5G12110	A. thaliana	longday	4	0.877912	158.062,841.341,269.517,160.888,483.534,68.7351,97.9915,875.24,246.512,163.458,457.941,57.8974
250304_at	ct04-spike	A. thaliana	longday	4	0.877912	216.454,858.291,216.454,216.454,216.454,216.454,216.454,858.291,216.454,216.454,216.454,216.454
250257_at	AT5G13770	A. thaliana	longday	2	0.889823	978.409,943.027,499.224,296.877,607.31,460.907,1068.55,843.626,545.373,253.589,639.873,535.569
250257_at	ct02-spike	A. thaliana	longday	2	0.889823	958.403,958.403,479.84,479.84,479.84,479.84,958.403,958.403,479.84,479.84,479.84,479.84
246554_at	AT5G15450	A. thaliana	longday	4	0.886352	721.665,1567.73,734.597,452.538,922.168,411.544,519.032,1387.53,703.489,443.282,826.796,405.964
246554_at	ct04-spike	A. thaliana	longday	4	0.886352	614.108,1477.63,614.108,614.108,614.108,614.108,614.108,1477.63,614.108,614.108,614.108,614.108
246523_at	AT5G15850	A. thaliana	longday	1	0.923618	680.778,471.287,69.4042,28.9138,134.433,253.163,881.206,581.01,102.433,32.8827,175.699,220.476
246523_at	ct01-spike	A. thaliana	longday	1	0.923618	830.365,378.03,151.862,151.862,151.862,151.862,830.365,378.03,151.862,151.862,151.862,151.862
250099_at	AT5G17300	A. thaliana	longday	0	0.945105	555.929,84.9017,9.31413,10.2138,21.2217,117.124,919.54,110.992,10.6349,8.88793,43.0211,149.813
250099_at	ct00-spike	A. thaliana	longday	0	0.945105	737.735,56.6124,56.6124,56.6124,56.6124,56.6124,737.735,56.6124,56.6124,56.6124,56.6124,56.6124
250007_at	AT5G18670	A. thaliana	longday	1	0.977863	935.753,388.94,38.3736,99.6823,106.459,215.027,1092.28,385.501,56.075,52.3231,111.708,263.934
250007_at	ct01-spike	A. thaliana	longday	1	0.977863	1005.99,411.288,113.936,113.936,113.936,113.936,1005.99,411.288,113.936,113.936,113.936,113.936
245936_at	AT5G19850	A. thaliana	longday	4	0.907538	28.0692,114.059,37.4772,25.102,56.1065,15.3646,24.1788,99.6555,29.5258,18.0666,53.5297,12.8702
245936_at	ct04-spike	A. thaliana	longday	4	0.907538	30.029,106.857,30.029,30.029,30.029,30.029,30.029,106.857,30.029,30.029,30.029,30.029
249411_at	AT5G40390	A. thaliana	longday	5	0.811116	433.444,733.153,530.98,520.157,510.886,403.917,467.853,673.781,526.385,524.811,516.45,283.455
249411_at	ct05-spike	A. thaliana	longday	5	0.811116	456.137,700.498,537.591,456.137,456.137,456.137,456.137,700.498,537.591,456.137,456.137,456.137
248195_at	AT5G54110	A. thaliana	longday	2	0.962596	188.852,196.228,84.0625,47.1317,70.6082,99.9528,222.809,192.206,82.9168,46.3463,87.2919,81.8165
248195_at	ct02-spike	A. thaliana	longday	2	0.962596	200.024,200.024,75.0158,75.0158,75.0158,75.0158,200.024,200.024,75.0158,75.0158,75.0158,75.0158
248190_at	AT5G54130	A. thaliana	longday	1	0.968939	96.6241,63.6046,18.1891,16.8022,15.3964,19.9345,134.833,45.8534,21.1156,11.0382,24.2207,16.2899
248190_at	ct01-spike	A. thaliana	longday	1	0.968939	116.884,51.2622,18.4511,18.4511,18.4511,18.4511,116.884,51.2622,18.4511,18.4511,18.4511,18.4511
248191_at	AT5G54130	A. thaliana	longday	1	0.95931	250.153,187.889,40.1206,70.7576,72.6802,67.4588,344.242,169.568,45.6481,48.956,66.0629,66.8477
248191_at	ct01-spike	A. thaliana	longday	1	0.95931	308.048,146.177,65.2417,65.2417,65.2417,65.2417,308.048,146.177,65.2417,65.2417,65.2417,65.2417
